NAME : euro-night-0000040.instance
TYPE : PAREA
DIMENSION : 40
EDGE_WEIGHT_TYPE: EXPLICIT
EDGE_WEIGHT_FORMAT: FULL_MATRIX
NODE_COORD_TYPE : TWOD_COORDS
NODE_COORD_SECTION
1	632	1508
2	1256	188
3	1774	1468
4	2330	4852
5	2606	5082
6	2610	4988
7	2636	4442
8	2680	5408
9	2756	2758
10	3870	3706
11	4114	4542
12	4308	4466
13	4662	3298
14	4664	4486
15	4912	4040
16	5168	5160
17	5312	4580
18	5458	176
19	5628	5128
20	5684	3448
21	5740	2888
22	5834	4598
23	6260	4470
24	6304	3026
25	6658	2868
26	7496	4398
27	7556	4208
28	7710	3666
29	8080	884
30	8256	4896
31	8922	2852
32	9372	2396
33	9458	1472
34	9616	1034
35	9744	3592
36	10152	646
37	10276	1828
38	10484	1860
39	11014	1416
40	12504	5322
EDGE_WEIGHT_SECTION
0.0 -887616.0 -873708.0 -223588.0 -359012.0 -391732.0 -583872.0 -311792.0 -1206496.0 -1746884.0 -1666684.0 -1836976.0 -2472980.0 -2099080.0 -2427008.0 -2266112.0 -2557968.0 -4059716.0 -2623064.0 -3196168.0 -3415352.0 -2945868.0 -3307520.0 -3797000.0 -4113844.0 -4262216.0 -4367496.0 -4654884.0 -5812976.0 -4677888.0 -5825956.0 -6309352.0 -6666180.0 -6923720.0 -6211904.0 -7450472.0 -7170456.0 -7317176.0 -7857100.0 -7746264.0
887616.0 0.0 755148.0 2828036.0 2946532.0 2887124.0 2541792.0 3144304.0 1472960.0 1963588.0 2465660.0 2399696.0 1632916.0 2378792.0 2075392.0 2754688.0 2376912.0 -402524.0 2691352.0 1631048.0 1274104.0 2339148.0 2218720.0 1307752.0 1175252.0 2057320.0 1932360.0 1577508.0 -204368.0 2298624.0 952388.0 623720.0 35364.0 -254552.0 1339840.0 -548600.0 182040.0 182584.0 -146068.0 2166840.0
873708.0 -755148.0 0.0 2593504.0 2594930.0 2508616.0 2005230.0 2829776.0 423442.0 446642.0 1009078.0 799270.0 -496582.0 555706.0 -21928.0 783608.0 163452.0 -3850060.0 417584.0 -1113680.0 -1651504.0 -203730.0 -629950.0 -1943074.0 -2343056.0 -1601038.0 -1813608.0 -2407398.0 -5146612.0 -1717152.0 -4019024.0 -4753796.0 -5636508.0 -6140986.0 -3965992.0 -6878566.0 -5921148.0 -6045436.0 -6828284.0 -4457322.0
223588.0 -2828036.0 -2593504.0 0.0 -401626.0 -520840.0 -1220006.0 -201360.0 -3472986.0 -5071130.0 -4689134.0 -5248318.0 -7467842.0 -6088674.0 -7209912.0 -6526168.0 -7551212.0 -13036068.0 -7679408.0 -9772464.0 -10560720.0 -8796614.0 -9979210.0 -11768214.0 -12811088.0 -13061626.0 -13428536.0 -14433570.0 -18572220.0 -14325216.0 -18322192.0 -19945132.0 -21230228.0 -22123806.0 -19454264.0 -23876162.0 -22799956.0 -23267284.0 -25070324.0 -24134574.0
359012.0 -2946532.0 -2594930.0 401626.0 0.0 -132646.0 -910150.0 236744.0 -3409322.0 -5004752.0 -4535448.0 -5127430.0 -7548848.0 -6005966.0 -7217272.0 -6408408.0 -7530052.0 -13639450.0 -7618964.0 -9950300.0 -10822276.0 -8833000.0 -10082250.0 -12075586.0 -13180974.0 -13316742.0 -13716772.0 -14814312.0 -19379428.0 -14599008.0 -18954646.0 -20692264.0 -22114762.0 -23086954.0 -20079128.0 -24954494.0 -23729432.0 -24216264.0 -26141526.0 -24838098.0
391732.0 -2887124.0 -2508616.0 520840.0 132646.0 0.0 -777374.0 373520.0 -3274274.0 -4815450.0 -4333006.0 -4916022.0 -7323138.0 -5777786.0 -6978328.0 -6155192.0 -7271228.0 -13382572.0 -7344192.0 -9676256.0 -10546720.0 -8549606.0 -9779090.0 -11773246.0 -12862312.0 -12955634.0 -13353224.0 -14444610.0 -18997900.0 -14201184.0 -18529608.0 -20246988.0 -21667292.0 -22632934.0 -19613976.0 -24476058.0 -23242804.0 -23719796.0 -25621036.0 -24239766.0
583872.0 -2541792.0 -2005230.0 1220006.0 910150.0 777374.0 0.0 1175464.0 -2486032.0 -3710762.0 -3150838.0 -3681880.0 -6007538.0 -4446196.0 -5584832.0 -4677248.0 -5761512.0 -11890250.0 -5741084.0 -8079700.0 -8942156.0 -6897150.0 -8012000.0 -10012916.0 -11007394.0 -10852052.0 -11235732.0 -12292122.0 -16780568.0 -11883648.0 -16056826.0 -17657284.0 -19066122.0 -19994324.0 -16907168.0 -21696164.0 -20413692.0 -20833484.0 -22595806.0 -20756988.0
311792.0 -3144304.0 -2829776.0 201360.0 -236744.0 -373520.0 -1175464.0 0.0 -3756504.0 -5498440.0 -5037976.0 -5664392.0 -8186728.0 -6600216.0 -7868448.0 -7059872.0 -8226448.0 -14522592.0 -8346592.0 -10749216.0 -11651040.0 -9613816.0 -10937240.0 -12991176.0 -14160112.0 -14375864.0 -14792704.0 -15935400.0 -20663760.0 -15763584.0 -20303408.0 -22131248.0 -23601952.0 -24616104.0 -21534496.0 -26585368.0 -25336784.0 -25856336.0 -27884416.0 -26679336.0
1206496.0 -1472960.0 -423442.0 3472986.0 3409322.0 3274274.0 2486032.0 3756504.0 0.0 -229862.0 585670.0 213416.0 -1884254.0 -249948.0 -1206528.0 -16192.0 -1014008.0 -7284054.0 -694628.0 -3086892.0 -3935796.0 -1709042.0 -2472880.0 -4523388.0 -5229278.0 -4276540.0 -4621100.0 -5580342.0 -9924168.0 -4638336.0 -8373382.0 -9622300.0 -11014166.0 -11835612.0 -8487200.0 -13109420.0 -11651620.0 -11894356.0 -13237058.0 -9909300.0
1746884.0 -1963588.0 -446642.0 5071130.0 5004752.0 4815450.0 3710762.0 5498440.0 229862.0 0.0 1165528.0 658986.0 -2257056.0 38018.0 -1284536.0 408296.0 -980836.0 -9773114.0 -506004.0 -3860572.0 -5047940.0 -1913272.0 -2950330.0 -5826002.0 -6787694.0 -5379958.0 -5858788.0 -7192920.0 -13261700.0 -5824608.0 -11013846.0 -12730056.0 -14677354.0 -15817658.0 -11105112.0 -17561646.0 -15504248.0 -15827752.0 -17668982.0 -12871842.0
1666684.0 -2465660.0 -1009078.0 4689134.0 4535448.0 4333006.0 3150838.0 5037976.0 -585670.0 -1165528.0 0.0 -596906.0 -3803416.0 -1364242.0 -2844872.0 -1122408.0 -2642492.0 -12033086.0 -2232892.0 -5815828.0 -7094924.0 -3790928.0 -5021670.0 -8091902.0 -9220842.0 -7976730.0 -8503820.0 -9968448.0 -16531292.0 -8678304.0 -14395298.0 -16355240.0 -18451214.0 -19710998.0 -14739880.0 -21726370.0 -19576600.0 -19983144.0 -22100082.0 -17449230.0
1836976.0 -2399696.0 -799270.0 5248318.0 5127430.0 4916022.0 3681880.0 5664392.0 -213416.0 -658986.0 596906.0 0.0 -3306354.0 -751868.0 -2266336.0 -425504.0 -1996376.0 -11808610.0 -1521612.0 -5265380.0 -6596668.0 -3123230.0 -4350200.0 -7558828.0 -8689642.0 -7265276.0 -7808516.0 -9319866.0 -16138504.0 -7889664.0 -13779618.0 -15766692.0 -17949026.0 -19245292.0 -14021184.0 -21277932.0 -19008796.0 -19404332.0 -21544198.0 -16457844.0
2472980.0 -1632916.0 496582.0 7467842.0 7548848.0 7323138.0 6007538.0 8186728.0 1884254.0 2257056.0 3803416.0 3306354.0 0.0 2765930.0 1317352.0 3505928.0 1916492.0 -8589986.0 2672796.0 -1335628.0 -2733332.0 1097672.0 96830.0 -3341690.0 -4293734.0 -2109166.0 -2650996.0 -4168344.0 -11263316.0 -2201568.0 -8064366.0 -9869352.0 -12165010.0 -13446530.0 -7694904.0 -15234822.0 -12684056.0 -12952456.0 -14861390.0 -8213514.0
2099080.0 -2378792.0 -555706.0 6088674.0 6005966.0 5777786.0 4446196.0 6600216.0 249948.0 -38018.0 1364242.0 751868.0 -2765930.0 0.0 -1596336.0 441296.0 -1234256.0 -11831862.0 -665108.0 -4708476.0 -6140004.0 -2363126.0 -3617140.0 -7083240.0 -8245718.0 -6557392.0 -7135052.0 -8744418.0 -16061952.0 -7100736.0 -13361182.0 -15433924.0 -17781590.0 -19157400.0 -13479248.0 -21264464.0 -18786172.0 -19178092.0 -21402290.0 -15635568.0
2427008.0 -2075392.0 21928.0 7209912.0 7217272.0 6978328.0 5584832.0 7868448.0 1206528.0 1284536.0 2844872.0 2266336.0 -1317352.0 1596336.0 0.0 2233600.0 518240.0 -10592904.0 1225808.0 -3013392.0 -4501872.0 -491992.0 -1666880.0 -5302224.0 -6405352.0 -4340432.0 -4928272.0 -6570504.0 -14150496.0 -4652544.0 -11017928.0 -13046864.0 -15489928.0 -16884816.0 -10860928.0 -18920464.0 -16267952.0 -16609520.0 -18770584.0 -12187248.0
2266112.0 -2754688.0 -783608.0 6526168.0 6408408.0 6155192.0 4677248.0 7059872.0 16192.0 -408296.0 1122408.0 425504.0 -3505928.0 -441296.0 -2233600.0 0.0 -1870240.0 -13626856.0 -1269488.0 -5755088.0 -7346608.0 -3170488.0 -4600320.0 -8445136.0 -9766728.0 -7975248.0 -8621008.0 -10418856.0 -18562144.0 -8649216.0 -15649192.0 -17988496.0 -20597992.0 -22137424.0 -15857792.0 -24522896.0 -21788528.0 -22242480.0 -24757176.0 -18508272.0
2557968.0 -2376912.0 -163452.0 7551212.0 7530052.0 7271228.0 5761512.0 8226448.0 1014008.0 980836.0 2642492.0 1996376.0 -1916492.0 1234256.0 -518240.0 1870240.0 0.0 -12031364.0 731848.0 -3858472.0 -5474072.0 -1147572.0 -2463080.0 -6399104.0 -7629412.0 -5484752.0 -6126792.0 -7919004.0 -16155296.0 -5902464.0 -12856468.0 -15098104.0 -17749188.0 -19274336.0 -12773408.0 -21532304.0 -18676872.0 -19068200.0 -21461164.0 -14498928.0
4059716.0 402524.0 3850060.0 13036068.0 13639450.0 13382572.0 11890250.0 14522592.0 7284054.0 9773114.0 12033086.0 11808610.0 8589986.0 11831862.0 10592904.0 13626856.0 12031364.0 0.0 13499048.0 8909400.0 7376232.0 12034550.0 11647750.0 7703202.0 7240868.0 11342494.0 10818704.0 9326034.0 1701396.0 12634656.0 6997972.0 5713948.0 3184784.0 1975578.0 8945096.0 869558.0 4084324.0 4153348.0 2895032.0 13423386.0
2623064.0 -2691352.0 -417584.0 7679408.0 7618964.0 7344192.0 5741084.0 8346592.0 694628.0 506004.0 2232892.0 1521612.0 -2672796.0 665108.0 -1225808.0 1269488.0 -731848.0 -13499048.0 0.0 -4871104.0 -6590528.0 -2019604.0 -3472060.0 -7648292.0 -9000560.0 -6843772.0 -7532272.0 -9452316.0 -18229544.0 -7391040.0 -14850480.0 -17287464.0 -20108104.0 -21745748.0 -14875728.0 -24211884.0 -21203672.0 -21646936.0 -24255272.0 -17084148.0
3196168.0 -1631048.0 1113680.0 9772464.0 9950300.0 9676256.0 8079700.0 10749216.0 3086892.0 3860572.0 5815828.0 5265380.0 1335628.0 4708476.0 3013392.0 5755088.0 3858472.0 -8909400.0 4871104.0 0.0 -1688064.0 3009700.0 1911500.0 -2268204.0 -3327536.0 -423988.0 -1067408.0 -2873268.0 -11417592.0 -318912.0 -7276144.0 -9347896.0 -12122168.0 -13639356.0 -6590192.0 -15666116.0 -12520648.0 -12788296.0 -14963864.0 -6431772.0
3415352.0 -1274104.0 1651504.0 10560720.0 10822276.0 10546720.0 8942156.0 11651040.0 3935796.0 5047940.0 7094924.0 6596668.0 2733332.0 6140004.0 4501872.0 7346608.0 5474072.0 -7376232.0 6590528.0 1688064.0 0.0 4771964.0 3789460.0 -418356.0 -1382992.0 1798036.0 1166096.0 -611820.0 -9130440.0 2129856.0 -4698128.0 -6656648.0 -9432712.0 -10917924.0 -3761296.0 -12805468.0 -9592184.0 -9800696.0 -11840296.0 -2781636.0
2945868.0 -2339148.0 203730.0 8796614.0 8833000.0 8549606.0 6897150.0 9613816.0 1709042.0 1913272.0 3790928.0 3123230.0 -1097672.0 2363126.0 491992.0 3170488.0 1147572.0 -12034550.0 2019604.0 -3009700.0 -4771964.0 0.0 -1352750.0 -5666054.0 -6940786.0 -4404338.0 -5096508.0 -7031568.0 -15997292.0 -4698912.0 -12192394.0 -14557096.0 -17450118.0 -19091006.0 -11923592.0 -21455066.0 -18292248.0 -18677096.0 -21190714.0 -13222422.0
3307520.0 -2218720.0 629950.0 9979210.0 10082250.0 9779090.0 8012000.0 10937240.0 2472880.0 2950330.0 5021670.0 4350200.0 -96830.0 3617140.0 1666880.0 4600320.0 2463080.0 -11647750.0 3472060.0 -1911500.0 -3789460.0 1352750.0 0.0 -4618060.0 -5903790.0 -2987820.0 -3716620.0 -5757270.0 -15291880.0 -3127680.0 -11013910.0 -13446940.0 -16531270.0 -18255340.0 -10534880.0 -20667740.0 -17245220.0 -17609940.0 -20184210.0 -11288580.0
3797000.0 -1307752.0 1943074.0 11768214.0 12075586.0 11773246.0 10012916.0 12991176.0 4523388.0 5826002.0 8091902.0 7558828.0 3341690.0 7083240.0 5302224.0 8445136.0 6399104.0 -7703202.0 7648292.0 2268204.0 418356.0 5666054.0 4618060.0 0.0 -1033618.0 2521048.0 1831388.0 -109998.0 -9438672.0 2940864.0 -4509482.0 -6627644.0 -9670210.0 -11289840.0 -3420688.0 -13323784.0 -9785732.0 -9999572.0 -12200950.0 -2143608.0
4113844.0 -1175252.0 2343056.0 12811088.0 13180974.0 12862312.0 11007394.0 14160112.0 5229278.0 6787694.0 9220842.0 8689642.0 4293734.0 8245718.0 6405352.0 9766728.0 7629412.0 -7240868.0 9000560.0 3327536.0 1382992.0 6940786.0 5903790.0 1033618.0 0.0 3891678.0 3173128.0 1147974.0 -8643884.0 4459680.0 -3299840.0 -5463164.0 -8662484.0 -10347158.0 -2015128.0 -12407434.0 -8650372.0 -8842116.0 -11080212.0 -213798.0
4262216.0 -2057320.0 1601038.0 13061626.0 13316742.0 12955634.0 10852052.0 14375864.0 4276540.0 5379958.0 7976730.0 7265276.0 2109166.0 6557392.0 4340432.0 7975248.0 5484752.0 -11342494.0 6843772.0 423988.0 -1798036.0 4404338.0 2987820.0 -2521048.0 -3891678.0 0.0 -844060.0 -3214122.0 -14454688.0 195264.0 -8930182.0 -11628820.0 -15281086.0 -17270152.0 -7964240.0 -19903040.0 -15745580.0 -16083036.0 -18912618.0 -7549440.0
4367496.0 -1932360.0 1813608.0 13428536.0 13716772.0 13353224.0 11235732.0 14792704.0 4621100.0 5858788.0 8503820.0 7808516.0 2650996.0 7135052.0 4928272.0 8621008.0 6126792.0 -10818704.0 7532272.0 1067408.0 -1166096.0 5096508.0 3716620.0 -1831388.0 -3173128.0 844060.0 0.0 -2371692.0 -13660568.0 1126464.0 -7997032.0 -10666600.0 -14338416.0 -16325612.0 -6930800.0 -18919220.0 -14714520.0 -15031256.0 -17823808.0 -6201900.0
4654884.0 -1577508.0 2407398.0 14433570.0 14814312.0 14444610.0 12292122.0 15935400.0 5580342.0 7192920.0 9968448.0 9319866.0 4168344.0 8744418.0 6570504.0 10418856.0 7919004.0 -9326034.0 9452316.0 2873268.0 611820.0 7031568.0 5757270.0 109998.0 -1147974.0 3214122.0 2371692.0 0.0 -11402820.0 3740832.0 -5359566.0 -7942296.0 -11661954.0 -13640058.0 -4013592.0 -16118286.0 -11788968.0 -12046872.0 -14729982.0 -2403522.0
5812976.0 204368.0 5146612.0 18572220.0 19379428.0 18997900.0 16780568.0 20663760.0 9924168.0 13261700.0 16531292.0 16138504.0 11263316.0 16061952.0 14150496.0 18562144.0 16155296.0 -1701396.0 18229544.0 11417592.0 9130440.0 15997292.0 15291880.0 9438672.0 8643884.0 14454688.0 13660568.0 11402820.0 0.0 16130688.0 7578556.0 5537416.0 1766444.0 -72912.0 10204832.0 -1877344.0 2843128.0 2880472.0 852452.0 15974112.0
4677888.0 -2298624.0 1717152.0 14325216.0 14599008.0 14201184.0 11883648.0 15763584.0 4638336.0 5824608.0 8678304.0 7889664.0 2201568.0 7100736.0 4652544.0 8649216.0 5902464.0 -12634656.0 7391040.0 318912.0 -2129856.0 4698912.0 3127680.0 -2940864.0 -4459680.0 -195264.0 -1126464.0 -3740832.0 -16130688.0 0.0 -10068000.0 -13051968.0 -17076768.0 -19271616.0 -9025536.0 -22185408.0 -17609664.0 -17986752.0 -21117024.0 -8640576.0
5825956.0 -952388.0 4019024.0 18322192.0 18954646.0 18529608.0 16056826.0 20303408.0 8373382.0 11013846.0 14395298.0 13779618.0 8064366.0 13361182.0 11017928.0 15649192.0 12856468.0 -6997972.0 14850480.0 7276144.0 4698128.0 12192394.0 11013910.0 4509482.0 3299840.0 8930182.0 7997032.0 5359566.0 -7578556.0 10068000.0 0.0 -2675916.0 -6920516.0 -9099742.0 2128968.0 -11594946.0 -6498868.0 -6652724.0 -9389188.0 5910738.0
6309352.0 -623720.0 4753796.0 19945132.0 20692264.0 20246988.0 17657284.0 22131248.0 9622300.0 12730056.0 16355240.0 15766692.0 9869352.0 15433924.0 13046864.0 17988496.0 15098104.0 -5713948.0 17287464.0 9347896.0 6656648.0 14557096.0 13446940.0 6627644.0 5463164.0 11628820.0 10666600.0 7942296.0 -5537416.0 13051968.0 2675916.0 0.0 -4432892.0 -6674644.0 5158800.0 -9134940.0 -3744640.0 -3843872.0 -6559396.0 9959100.0
6666180.0 -35364.0 5636508.0 21230228.0 22114762.0 21667292.0 19066122.0 23601952.0 11014166.0 14677354.0 18451214.0 17949026.0 12165010.0 17781590.0 15489928.0 20597992.0 17749188.0 -3184784.0 20108104.0 12122168.0 9432712.0 17450118.0 16531270.0 9670210.0 8662484.0 15281086.0 14338416.0 11661954.0 -1766444.0 17076768.0 6920516.0 4432892.0 0.0 -2187590.0 9814984.0 -4416938.0 1081476.0 1079716.0 -1410040.0 15964794.0
6923720.0 254552.0 6140986.0 22123806.0 23086954.0 22632934.0 19994324.0 24616104.0 11835612.0 15817658.0 19710998.0 19245292.0 13446530.0 19157400.0 16884816.0 22137424.0 19274336.0 -1975578.0 21745748.0 13639356.0 10917924.0 19091006.0 18255340.0 11289840.0 10347158.0 17270152.0 16325612.0 13640058.0 72912.0 19271616.0 9099742.0 6674644.0 2187590.0 0.0 12232688.0 -2142616.0 3476332.0 3522652.0 1113890.0 19123608.0
6211904.0 -1339840.0 3965992.0 19454264.0 20079128.0 19613976.0 16907168.0 21534496.0 8487200.0 11105112.0 14739880.0 14021184.0 7694904.0 13479248.0 10860928.0 15857792.0 12773408.0 -8945096.0 14875728.0 6590192.0 3761296.0 11923592.0 10534880.0 3420688.0 2015128.0 7964240.0 6930800.0 4013592.0 -10204832.0 9025536.0 -2128968.0 -5158800.0 -9814984.0 -12232688.0 0.0 -15085680.0 -9549680.0 -9767344.0 -12882392.0 3471600.0
7450472.0 548600.0 6878566.0 23876162.0 24954494.0 24476058.0 21696164.0 26585368.0 13109420.0 17561646.0 21726370.0 21277932.0 15234822.0 21264464.0 18920464.0 24522896.0 21532304.0 -869558.0 24211884.0 15666116.0 12805468.0 21455066.0 20667740.0 13323784.0 12407434.0 19903040.0 18919220.0 16118286.0 1877344.0 22185408.0 11594946.0 9134940.0 4416938.0 2142616.0 15085680.0 0.0 5959780.0 6055028.0 3630094.0 22975680.0
7170456.0 -182040.0 5921148.0 22799956.0 23729432.0 23242804.0 20413692.0 25336784.0 11651620.0 15504248.0 19576600.0 19008796.0 12684056.0 18786172.0 16267952.0 21788528.0 18676872.0 -4084324.0 21203672.0 12520648.0 9592184.0 18292248.0 17245220.0 9785732.0 8650372.0 15745580.0 14714520.0 11788968.0 -2843128.0 17609664.0 6498868.0 3744640.0 -1081476.0 -3476332.0 9549680.0 -5959780.0 0.0 -25696.0 -2791388.0 15915780.0
7317176.0 -182584.0 6045436.0 23267284.0 24216264.0 23719796.0 20833484.0 25856336.0 11894356.0 15827752.0 19983144.0 19404332.0 12952456.0 19178092.0 16609520.0 22242480.0 19068200.0 -4153348.0 21646936.0 12788296.0 9800696.0 18677096.0 17609940.0 9999572.0 8842116.0 16083036.0 15031256.0 12046872.0 -2880472.0 17986752.0 6652724.0 3843872.0 -1079716.0 -3522652.0 9767344.0 -6055028.0 25696.0 0.0 -2820348.0 16269204.0
7857100.0 146068.0 6828284.0 25070324.0 26141526.0 25621036.0 22595806.0 27884416.0 13237058.0 17668982.0 22100082.0 21544198.0 14861390.0 21402290.0 18770584.0 24757176.0 21461164.0 -2895032.0 24255272.0 14963864.0 11840296.0 21190714.0 20184210.0 12200950.0 11080212.0 18912618.0 17823808.0 14729982.0 -852452.0 21117024.0 9389188.0 6559396.0 1410040.0 -1113890.0 12882392.0 -3630094.0 2791388.0 2820348.0 0.0 20455422.0
7746264.0 -2166840.0 4457322.0 24134574.0 24838098.0 24239766.0 20756988.0 26679336.0 9909300.0 12871842.0 17449230.0 16457844.0 8213514.0 15635568.0 12187248.0 18508272.0 14498928.0 -13423386.0 17084148.0 6431772.0 2781636.0 13222422.0 11288580.0 2143608.0 213798.0 7549440.0 6201900.0 2403522.0 -15974112.0 8640576.0 -5910738.0 -9959100.0 -15964794.0 -19123608.0 -3471600.0 -22975680.0 -15915780.0 -16269204.0 -20455422.0 0.0
CONVEX_HULL_SECTION
CONVEX_HULL_SIZE : 8
1
2
18
36
39
40
8
4