NAME : euro-night-0000010.instance
TYPE : PAREA
DIMENSION : 10
EDGE_WEIGHT_TYPE: EXPLICIT
EDGE_WEIGHT_FORMAT: FULL_MATRIX
NODE_COORD_TYPE : TWOD_COORDS
NODE_COORD_SECTION
1	2396	5284
2	2656	2938
3	4120	2278
4	4342	102
5	4384	2988
6	5136	2280
7	6634	5416
8	8598	2632
9	8898	4170
10	11738	1550
EDGE_WEIGHT_SECTION
0 -6994856 -16311992 -22698736 -16005808 -21675744 -22077320 -39125560 -37025712 -58309792
6994856 0 -6054192 -12485884 -4944064 -9033888 -5105796 -18270332 -15066804 -30369444
16311992 6054192 0 -9470836 2323808 -2306208 7201668 -8742404 -3089244 -20353164
22698736 12485884 9470836 0 12526728 9375888 22839604 10551148 17198544 5532824
16005808 4944064 -2323808 -12526728 0 -5350848 3921352 -14152136 -8305944 -28277944
21675744 9033888 2306208 -9375888 5350848 0 12691056 -6085488 1129680 -18801840
22077320 5105796 -7201668 -22839604 -3921352 -12691056 0 -29106080 -20527788 -53290308
39125560 18270332 8742404 -10551148 14152136 6085488 29106080 0 12434124 -17567516
37025712 15066804 3089244 -17198544 8305944 -1129680 20527788 -12434124 0 -35155560
58309792 30369444 20353164 -5532824 28277944 18801840 53290308 17567516 35155560 0