NAME : euro-night-0000030.instance
TYPE : PAREA
DIMENSION : 30
EDGE_WEIGHT_TYPE: EXPLICIT
EDGE_WEIGHT_FORMAT: FULL_MATRIX
NODE_COORD_TYPE : TWOD_COORDS
NODE_COORD_SECTION
1	498	5392
2	1192	226
3	2802	624
4	3460	48
5	4090	4492
6	4238	94
7	4292	4606
8	4488	3376
9	4512	4632
10	4660	2216
11	4822	2972
12	6056	3838
13	6290	2626
14	6350	4018
15	6496	5406
16	6696	4980
17	6728	4454
18	6918	452
19	7070	2192
20	7126	1594
21	7886	5418
22	8070	3972
23	8116	3658
24	8164	3236
25	8470	3100
26	9678	3574
27	10028	560
28	10858	3852
29	11424	682
30	12044	5748
EDGE_WEIGHT_SECTION
0.0 -3157358.0 -7398816.0 -9316208.0 -9908132.0 -11402242.0 -10424338.0 -11259024.0 -11010984.0 -12011576.0 -12260084.0 -15371314.0 -16303966.0 -16119118.0 -16167122.0 -16812396.0 -17029642.0 -18538380.0 -18514912.0 -18814790.0 -19911574.0 -20767692.0 -20969894.0 -21204380.0 -22063220.0 -25201962.0 -26896048.0 -28314020.0 -30629286.0 -31039372.0
3157358.0 0.0 55278.0 -362372.0 2215062.0 -422870.0 2260180.0 1504952.0 2250816.0 794156.0 1226426.0 1603120.0 854326.0 1677178.0 2487928.0 2211432.0 1894320.0 -512342.0 507522.0 144786.0 2338010.0 1455402.0 1263060.0 1006124.0 890490.0 1036490.0 -799404.0 1068838.0 -884440.0 2064836.0
7398816.0 -55278.0 0.0 -1012272.0 5017212.0 -1190562.0 5113902.0 3329520.0 5081688.0 1650696.0 2659308.0 3487566.0 1716546.0 3648018.0 5547054.0 4887828.0 4140918.0 -1525164.0 865152.0 9882.0 5130186.0 3046932.0 2592666.0 1986468.0 1700460.0 1987638.0 -2344176.0 2008956.0 -2608806.0 4295220.0
9316208.0 362372.0 1012272.0 0.0 7673000.0 60908.0 7865372.0 5732768.0 7905072.0 3721840.0 5025832.0 6494396.0 4392020.0 6798740.0 9196476.0 8454696.0 7543948.0 615928.0 3622480.0 2586596.0 9183876.0 6677880.0 6133556.0 5402344.0 5159720.0 5950748.0 728128.0 6403368.0 905684.0 9654984.0
9908132.0 -2215062.0 -5017212.0 -7673000.0 0.0 -9326318.0 -220562.0 -3176128.0 -661512.0 -5934640.0 -4752472.0 -5753066.0 -8757170.0 -6045290.0 -3534746.0 -4855116.0 -6002658.0 -14613488.0 -11396580.0 -12745266.0 -6632146.0 -10002480.0 -10747926.0 -11718724.0 -12684120.0 -14427958.0 -21377688.0 -16509728.0 -24263614.0 -15296164.0
11402242.0 422870.0 1190562.0 -60908.0 9326318.0 0.0 9558390.0 6942808.0 9603144.0 4476684.0 6071034.0 7848090.0 5268864.0 8215692.0 11150002.0 10237908.0 9121810.0 632642.0 4312558.0 3042764.0 11110100.0 8037378.0 7369850.0 6473376.0 6170810.0 7118440.0 715324.0 7652062.0 908230.0 11613944.0
10424338.0 -2260180.0 -5113902.0 -7865372.0 220562.0 -9558390.0 0.0 -3090968.0 -450864.0 -5976444.0 -4727154.0 -5710620.0 -8850474.0 -6001422.0 -3359012.0 -4733808.0 -5936300.0 -14962162.0 -11578178.0 -12990454.0 -6534430.0 -10061298.0 -10841080.0 -11857236.0 -12853810.0 -14618630.0 -21892724.0 -16739582.0 -24845900.0 -15402124.0
11259024.0 -1504952.0 -3329520.0 -5732768.0 3176128.0 -6942808.0 3090968.0 0.0 2777952.0 -2893376.0 -1470368.0 -1610056.0 -4724776.0 -1702408.0 1165816.0 -127728.0 -1362088.0 -10663296.0 -7015312.0 -8451752.0 -1153576.0 -4708992.0 -5491256.0 -6519248.0 -7340960.0 -8316408.0 -15670624.0 -9684416.0 -17753304.0 -7431760.0
11010984.0 -2250816.0 -5081688.0 -7905072.0 661512.0 -9603144.0 450864.0 -2777952.0 0.0 -5793264.0 -4462920.0 -5367168.0 -8643384.0 -5641992.0 -2848800.0 -4273056.0 -5533824.0 -15002376.0 -11428968.0 -12907752.0 -6040968.0 -9729288.0 -10544208.0 -11607408.0 -12622920.0 -14351304.0 -21961488.0 -16457016.0 -24919392.0 -14926416.0
12011576.0 -794156.0 -1650696.0 -3721840.0 5934640.0 -4476684.0 5976444.0 2893376.0 5793264.0 0.0 1581984.0 2232492.0 -850740.0 2326140.0 5398412.0 4184232.0 2923196.0 -6611984.0 -2726200.0 -4181588.0 3886252.0 313200.0 -469388.0 -1505832.0 -2161760.0 -2395804.0 -9806224.0 -3055504.0 -11068732.0 48088.0
12260084.0 -1226426.0 -2659308.0 -5025832.0 4752472.0 -6071034.0 4727154.0 1470368.0 4462920.0 -1581984.0 0.0 254202.0 -3015654.0 251298.0 3380810.0 2056524.0 740786.0 -9190376.0 -5221108.0 -6746102.0 1344202.0 -2415528.0 -3240938.0 -4329708.0 -5112320.0 -5764594.0 -13551448.0 -6847816.0 -15331762.0 -4038956.0
15371314.0 -1603120.0 -3487566.0 -6494396.0 5753066.0 -7848090.0 5710620.0 1610056.0 5367168.0 -2232492.0 -254202.0 0.0 -4118982.0 -19146.0 3903544.0 2229816.0 575680.0 -11906986.0 -6929954.0 -8848162.0 1272470.0 -3459114.0 -4498180.0 -5868108.0 -6867130.0 -7750010.0 -17548052.0 -9172646.0 -19857560.0 -5707492.0
16303966.0 -854326.0 -1716546.0 -4392020.0 8757170.0 -5268864.0 8850474.0 4724776.0 8643384.0 850740.0 3015654.0 4118982.0 0.0 4299060.0 8472622.0 6870252.0 5173966.0 -7661794.0 -2389070.0 -4343308.0 6685292.0 1896030.0 848102.0 -542112.0 -1371610.0 -1466984.0 -11405564.0 -2142014.0 -12854822.0 2263688.0
16119118.0 -1677178.0 -3648018.0 -6798740.0 6045290.0 -8215692.0 6001422.0 1702408.0 5641992.0 -2326140.0 -251298.0 19146.0 -4299060.0 0.0 4113586.0 2359236.0 624898.0 -12463162.0 -7244030.0 -9255184.0 1359176.0 -3601530.0 -4690894.0 -6127176.0 -7173730.0 -8095652.0 -18368252.0 -9583622.0 -20785466.0 -5946496.0
16167122.0 -2487928.0 -5547054.0 -9196476.0 3534746.0 -11150002.0 3359012.0 -1165816.0 2848800.0 -5398412.0 -3380810.0 -3903544.0 -8472622.0 -4113586.0 0.0 -1924248.0 -3719192.0 -17231258.0 -11990594.0 -14084266.0 -3718194.0 -8912154.0 -10056364.0 -11556764.0 -12825610.0 -14551282.0 -25286804.0 -16837878.0 -28663936.0 -13885428.0
16812396.0 -2211432.0 -4887828.0 -8454696.0 4855116.0 -10237908.0 4733808.0 127728.0 4273056.0 -4184232.0 -2056524.0 -2229816.0 -6870252.0 -2359236.0 1924248.0 0.0 -1840728.0 -15712524.0 -10265484.0 -12407028.0 -1496676.0 -6796044.0 -7961856.0 -9494232.0 -10711500.0 -12132468.0 -23094840.0 -14139924.0 -26162424.0 -10745256.0
17029642.0 -1894320.0 -4140918.0 -7543948.0 6002658.0 -9121810.0 5936300.0 1362088.0 5533824.0 -2923196.0 -740786.0 -575680.0 -5173966.0 -624898.0 3719192.0 1840728.0 0.0 -13885858.0 -8371002.0 -10507386.0 664030.0 -4610082.0 -5768820.0 -7295324.0 -8434290.0 -9529970.0 -20448516.0 -11222638.0 -23147000.0 -7485716.0
18538380.0 512342.0 1525164.0 -615928.0 14613488.0 -632642.0 14962162.0 10663296.0 15002376.0 6611984.0 9190376.0 11906986.0 7661794.0 12463162.0 17231258.0 15712524.0 13885858.0 0.0 5984308.0 3903170.0 16958626.0 11915328.0 10818806.0 9348260.0 8808680.0 10175238.0 -329288.0 10870160.0 -222786.0 17160388.0
18514912.0 -507522.0 -865152.0 -3622480.0 11396580.0 -4312558.0 11578178.0 7015312.0 11428968.0 2726200.0 5221108.0 6929954.0 2389070.0 7244030.0 11990594.0 10265484.0 8371002.0 -5984308.0 0.0 -2175306.0 10509574.0 5196300.0 4035894.0 2491516.0 1675380.0 2027002.0 -9011088.0 1716452.0 -10109834.0 7118956.0
18814790.0 -144786.0 -9882.0 -2586596.0 12745266.0 -3042764.0 12990454.0 8451752.0 12907752.0 4181588.0 6746102.0 8848162.0 4343308.0 9255184.0 14084266.0 12407028.0 10507386.0 -3903170.0 2175306.0 0.0 13019192.0 7720446.0 6565002.0 5023160.0 4294710.0 5020796.0 -5997036.0 5070850.0 -6674962.0 10881056.0
19911574.0 -2338010.0 -5130186.0 -9183876.0 6632146.0 -11110100.0 6534430.0 1153576.0 6040968.0 -3886252.0 -1344202.0 -1272470.0 -6685292.0 -1359176.0 3718194.0 1496676.0 -664030.0 -16958626.0 -10509574.0 -13019192.0 0.0 -6200034.0 -7562750.0 -9356728.0 -10721930.0 -12125420.0 -24957772.0 -14225886.0 -28258490.0 -9962832.0
20767692.0 -1455402.0 -3046932.0 -6677880.0 10002480.0 -8037378.0 10061298.0 4708992.0 9729288.0 -313200.0 2415528.0 3459114.0 -1896030.0 3601530.0 8912154.0 6796044.0 4610082.0 -11915328.0 -5196300.0 -7720446.0 6200034.0 0.0 -1358346.0 -3156444.0 -4312920.0 -4799418.0 -17656008.0 -6021168.0 -19936194.0 -726204.0
20969894.0 -1263060.0 -2592666.0 -6133556.0 10747926.0 -7369850.0 10841080.0 5491256.0 10544208.0 469388.0 3240938.0 4498180.0 -848102.0 4690894.0 10056364.0 7961856.0 5768820.0 -10818806.0 -4035894.0 -6565002.0 7562750.0 1358346.0 0.0 -1800268.0 -2911830.0 -3197770.0 -16068732.0 -4227866.0 -18126940.0 1296908.0
21204380.0 -1006124.0 -1986468.0 -5402344.0 11718724.0 -6473376.0 11857236.0 6519248.0 11607408.0 1505832.0 4329708.0 5868108.0 542112.0 6127176.0 11556764.0 9494232.0 7295324.0 -9348260.0 -2491516.0 -5023160.0 9356728.0 3156444.0 1800268.0 0.0 -1050260.0 -1069936.0 -13939384.0 -1844380.0 -15700108.0 3976144.0
22063220.0 -890490.0 -1700460.0 -5159720.0 12684120.0 -6170810.0 12853810.0 7340960.0 12622920.0 2161760.0 5112320.0 6867130.0 1371610.0 7173730.0 12825610.0 10711500.0 8434290.0 -8808680.0 -1675380.0 -4294710.0 10721930.0 4312920.0 2911830.0 1050260.0 0.0 134990.0 -13171800.0 -516680.0 -14818930.0 5674580.0
25201962.0 -1036490.0 -1987638.0 -5950748.0 14427958.0 -7118440.0 14618630.0 8316408.0 14351304.0 2395804.0 5764594.0 7750010.0 1466984.0 8095652.0 14551282.0 12132468.0 9529970.0 -10175238.0 -2027002.0 -5020796.0 12125420.0 4799418.0 3197770.0 1069936.0 -134990.0 0.0 -15210196.0 -763418.0 -17114490.0 6291944.0
26896048.0 799404.0 2344176.0 -728128.0 21377688.0 -715324.0 21892724.0 15670624.0 21961488.0 9806224.0 13551448.0 17548052.0 11405564.0 18368252.0 25286804.0 23094840.0 20448516.0 329288.0 9011088.0 5997036.0 24957772.0 17656008.0 16068732.0 13939384.0 13171800.0 15210196.0 0.0 16273688.0 220828.0 25448152.0
28314020.0 -1068838.0 -2008956.0 -6403368.0 16509728.0 -7652062.0 16739582.0 9684416.0 16457016.0 3055504.0 6847816.0 9172646.0 2142014.0 9583622.0 16837878.0 14139924.0 11222638.0 -10870160.0 -1716452.0 -5070850.0 14225886.0 6021168.0 4227866.0 1844380.0 516680.0 763418.0 -16273688.0 0.0 -18300046.0 8009148.0
30629286.0 884440.0 2608806.0 -905684.0 24263614.0 -908230.0 24845900.0 17753304.0 24919392.0 11068732.0 15331762.0 19857560.0 12854822.0 20785466.0 28663936.0 26162424.0 23147000.0 222786.0 10109834.0 6674962.0 28258490.0 19936194.0 18126940.0 15700108.0 14818930.0 17114490.0 -220828.0 18300046.0 0.0 28725572.0
31039372.0 -2064836.0 -4295220.0 -9654984.0 15296164.0 -11613944.0 15402124.0 7431760.0 14926416.0 -48088.0 4038956.0 5707492.0 -2263688.0 5946496.0 13885428.0 10745256.0 7485716.0 -17160388.0 -7118956.0 -10881056.0 9962832.0 726204.0 -1296908.0 -3976144.0 -5674580.0 -6291944.0 -25448152.0 -8009148.0 -28725572.0 0.0
CONVEX_HULL_SECTION
CONVEX_HULL_SIZE : 7
1
2
4
6
27
29
30